The node degree distribution of G:
1 2649553
2 1602935
3 1072244
4 744337
5 523657
6 372752
7 264935
8 189606
9 135777
10 97303
11 70699
12 51064
13 37082
14 27696
15 20555
16 15655
17 12481
18 9600
19 7946
20 6345
21 5618
22 4739
23 4283
24 3771
25 3503
26 3235
27 2953
28 2731
29 2522
30 2513
31 2387
32 2160
33 1984
34 1890
35 1894
36 1780
37 1743
38 1664
39 1585
40 1511
41 1503
42 1338
43 1377
44 1272
45 1248
46 1240
47 1256
48 1147
49 1126
50 1167
51 1047
52 1054
53 1038
54 1015
55 935
56 990
57 1001
58 902
59 903
60 881
61 855
62 901
63 789
64 863
65 818
66 741
67 772
68 782
69 772
70 753
71 778
72 670
73 721
74 705
75 698
76 669
77 660
78 691
79 627
80 701
81 672
82 640
83 692
84 631
85 634
86 614
87 617
88 607
89 570
90 629
91 586
92 604
93 563
94 630
95 553
96 580
97 567
98 568
99 601
100 543
101 550
102 559
103 542
104 584
105 515
106 531
107 538
108 561
109 507
110 521
111 519
112 536
113 514
114 495
115 527
116 459
117 517
118 492
119 476
120 527
121 475
122 475
123 528
124 521
125 483
126 470
127 494
128 437
129 464
130 415
131 443
132 403
133 477
134 444
135 440
136 458
137 424
138 463
139 468
140 450
141 416
142 395
143 428
144 402
145 379
146 403
147 418
148 438
149 429
150 384
151 400
152 360
153 392
154 404
155 409
156 381
157 384
158 389
159 396
160 378
161 381
162 368
163 385
164 393
165 369
166 354
167 368
168 350
169 384
170 382
171 384
172 401
173 369
174 354
175 407
176 344
177 381
178 359
179 326
180 336
181 357
182 354
183 314
184 323
185 374
186 326
187 359
188 346
189 372
190 310
191 302
192 319
193 287
194 310
195 293
196 353
197 304
198 306
199 303
200 311
201 315
202 258
203 292
204 300
205 283
206 287
207 252
208 261
209 276
210 265
211 250
212 264
213 266
214 226
215 254
216 250
217 272
218 260
219 264
220 286
221 231
222 274
223 243
224 246
225 219
226 247
227 243
228 244
229 240
230 205
231 195
232 204
233 219
234 223
235 269
236 208
237 209
238 203
239 175
240 208
241 185
242 201
243 175
244 179
245 219
246 202
247 199
248 193
249 176
250 197
251 195
252 167
253 173
254 172
255 149
256 173
257 171
258 181
259 158
260 173
261 187
262 156
263 158
264 167
265 153
266 142
267 157
268 148
269 165
270 152
271 148
272 163
273 117
274 124
275 130
276 113
277 143
278 131
279 133
280 133
281 134
282 125
283 129
284 137
285 110
286 128
287 117
288 121
289 121
290 115
291 108
292 120
293 133
294 99
295 100
296 105
297 94
298 98
299 124
300 102
301 118
302 104
303 96
304 95
305 96
306 103
307 95
308 97
309 87
310 87
311 78
312 74
313 81
314 76
315 87
316 90
317 90
318 99
319 84
320 77
321 74
322 63
323 84
324 83
325 83
326 83
327 74
328 84
329 71
330 69
331 74
332 70
333 70
334 72
335 72
336 68
337 67
338 70
339 80
340 56
341 81
342 60
343 64
344 59
345 62
346 54
347 58
348 62
349 69
350 70
351 49
352 51
353 59
354 58
355 60
356 52
357 42
358 46
359 59
360 50
361 40
362 55
363 51
364 50
365 52
366 45
367 51
368 45
369 42
370 53
371 41
372 42
373 48
374 45
375 42
376 46
377 41
378 42
379 39
380 50
381 38
382 35
383 29
384 32
385 40
386 41
387 41
388 38
389 35
390 36
391 22
392 34
393 41
394 22
395 34
396 22
397 19
398 23
399 33
400 21
401 22
402 18
403 22
404 31
405 28
406 14
407 17
408 18
409 19
410 32
411 16
412 28
413 15
414 17
415 23
416 21
417 10
418 20
419 16
420 14
421 10
422 17
423 16
424 13
425 7
426 12
427 17
428 11
429 12
430 17
431 17
432 11
433 16
434 17
435 14
436 14
437 10
438 7
439 16
440 9
441 19
442 9
443 13
444 11
445 11
446 11
447 12
448 9
449 5
450 18
451 10
452 6
453 12
454 12
455 5
456 7
457 11
458 15
459 7
460 12
461 12
462 7
463 8
464 6
465 10
466 13
467 8
468 8
469 8
470 10
471 10
472 10
473 13
474 6
475 8
476 5
477 11
478 12
479 10
480 6
481 7
482 7
483 8
484 3
485 10
486 4
487 6
488 10
489 3
490 8
491 12
492 6
493 14
494 5
495 6
496 3
497 7
498 3
499 5
500 7
501 6
502 15
503 6
504 5
505 5
506 2
507 5
508 4
509 9
510 6
511 7
512 5
513 4
514 12
515 7
516 5
517 4
518 1
519 9
520 4
521 7
522 2
523 2
524 7
525 3
526 7
527 9
528 3
529 4
530 1
531 7
532 1
533 7
534 1
535 1
536 7
537 3
538 5
539 3
540 4
541 9
542 4
543 3
544 6
545 3
546 5
547 6
548 3
549 2
550 5
551 8
552 5
553 5
554 3
555 3
556 1
557 3
558 4
559 6
560 1
562 4
563 3
564 3
565 3
566 3
567 2
568 3
569 7
571 2
572 1
573 7
574 3
575 2
576 6
577 4
578 6
579 6
580 4
581 2
582 3
583 4
584 3
586 5
587 1
588 3
589 5
590 6
591 2
592 6
593 8
594 4
595 2
597 3
598 4
599 2
600 1
601 1
602 1
603 3
604 4
605 2
606 2
607 4
609 1
610 4
611 3
612 1
613 3
614 4
615 6
616 4
617 3
618 4
619 2
620 4
621 2
622 4
623 3
624 2
625 2
626 8
627 2
628 1
629 1
630 5
632 1
633 4
634 3
635 3
636 2
637 2
638 3
639 2
640 3
641 1
642 1
643 4
644 2
645 4
646 5
647 2
648 5
649 1
650 1
651 3
652 1
653 1
654 1
655 1
656 3
657 4
658 3
659 1
660 3
661 1
662 4
663 3
664 2
665 2
666 3
667 2
668 3
669 2
670 1
671 1
673 2
675 1
676 2
677 2
678 2
679 2
680 2
681 1
682 4
683 1
684 2
685 4
687 3
689 2
690 1
691 2
692 1
694 3
695 3
698 1
700 2
702 1
703 1
705 2
706 1
709 1
710 1
712 2
714 1
715 2
716 1
718 2
725 4
726 1
729 2
730 1
731 2
732 1
733 1
734 2
736 2
737 1
740 1
743 1
744 1
745 1
746 1
747 1
748 2
749 3
756 2
757 1
759 1
763 2
764 2
767 2
772 1
783 2
793 1
799 1
801 1
838 1
848 2
855 1
The total number of components in G: 961874
The component size distribution of G:
2 533203
3 156051
4 69245
5 39597
6 25383
7 17523
8 13298
9 10444
10 8312
11 7192
12 6052
13 5147
14 4715
15 4081
16 3664
17 3332
18 3059
19 2791
20 2495
21 2374
22 2094
23 1970
24 1947
25 1698
26 1652
27 1454
28 1409
29 1305
30 1253
31 1185
32 1143
33 1032
34 970
35 978
36 904
37 867
38 842
39 775
40 716
41 736
42 681
43 653
44 596
45 596
46 551
47 515
48 463
49 448
50 457
51 465
52 405
53 388
54 395
55 344
56 351
57 352
58 324
59 335
60 321
61 272
62 257
63 285
64 269
65 262
66 258
67 208
68 217
69 227
70 209
71 228
72 187
73 191
74 182
75 187
76 155
77 180
78 157
79 162
80 156
81 129
82 143
83 138
84 118
85 128
86 127
87 120
88 136
89 114
90 120
91 104
92 95
93 72
94 108
95 102
96 102
97 91
98 96
99 75
100 88
101 97
102 83
103 75
104 76
105 69
106 77
107 79
108 48
109 62
110 73
111 58
112 63
113 47
114 66
115 55
116 52
117 50
118 58
119 64
120 42
121 50
122 49
123 41
124 42
125 47
126 47
127 51
128 33
129 48
130 36
131 38
132 31
133 30
134 42
135 28
136 34
137 27
138 36
139 23
140 30
141 25
142 22
143 34
144 26
145 28
146 23
147 23
148 35
149 29
150 15
151 25
152 23
153 23
154 15
155 29
156 26
1180 1
157 27
158 22
159 20
160 23
161 21
162 26
163 21
164 19
165 21
166 15
167 19
168 20
169 23
1193 1
170 21
171 14
172 9
173 15
174 19
175 11
176 18
177 12
178 19
179 14
180 15
181 17
182 19
183 10
184 19
185 14
186 12
187 16
188 10
189 12
190 14
191 13
192 19
193 13
194 9
195 8
196 8
197 6
198 4
199 8
200 12
201 14
202 8
203 9
204 11
205 9
206 13
207 8
208 5
209 6
210 5
211 3
212 11
213 11
214 3
215 8
216 2
217 8
218 2
219 3
220 4
221 3
222 5
223 7
224 4
225 9
226 8
227 10
228 4
229 4
230 9
231 7
232 4
233 4
234 3
235 3
236 10
1261 1
237 5
238 4
239 3
240 6
241 2
242 8
243 8
244 4
245 3
246 6
247 5
248 2
249 4
250 6
251 3
252 5
253 7
254 3
255 4
256 7
257 4
258 4
259 5
260 5
261 2
262 4
263 7
264 6
265 5
266 9
267 7
268 4
269 2
270 6
271 2
272 2
273 2
274 4
275 6
276 4
277 3
278 1
279 2
281 3
284 4
285 3
286 5
287 5
288 4
289 3
290 2
291 1
292 5
293 3
295 3
297 3
298 3
299 3
300 4
301 3
302 3
303 2
304 4
305 2
306 5
307 1
308 1
309 3
310 1
311 6
312 4
313 1
314 1
315 1
316 1
317 1
318 3
320 3
321 3
322 2
324 3
325 1
327 1
331 4
332 4
333 2
335 1
336 1
337 2
338 3
339 3
340 2
341 1
344 2
345 1
347 1
348 1
350 1
352 1
353 2
354 1
355 1
356 4
357 2
359 1
362 2
363 1
365 1
367 3
369 1
370 1
372 1
373 2
374 1
375 2
376 3
377 1
378 1
379 2
380 1
383 1
384 2
386 1
387 3
388 1
389 1
390 1
392 2
393 1
394 1
396 2
397 1
399 2
1427 1
403 1
404 2
405 2
407 1
410 1
412 2
414 1
416 2
417 1
419 1
420 2
421 2
422 1
424 1
425 1
426 1
427 3
430 1
433 1
435 1
438 3
443 1
444 2
448 2
449 1
452 2
454 1
457 2
460 1
461 2
462 1
463 2
465 2
467 3
473 1
474 2
475 2
483 2
489 1
490 1
492 1
1517 1
495 1
508 1
510 1
512 1
516 1
517 1
519 1
534 1
536 2
538 1
539 1
546 1
548 1
551 1
557 1
568 1
574 1
575 1
2531943 1
579 1
580 1
581 1
583 1
595 1
597 1
606 1
615 1
621 2
627 1
630 1
644 1
658 2
660 1
664 1
679 1
686 1
691 1
696 1
719 1
724 1
730 1
735 1
740 1
747 1
750 1
753 1
767 1
1804 1
794 1
820 1
894 1
924 1
964 1
965 1
